[gd_scene load_steps=27 format=3 uid="uid://b8fd6ykycuo5y"]

[ext_resource type="PackedScene" uid="uid://cnd7i1kucwpvq" path="res://models/icosphere.glb" id="1_c7amy"]
[ext_resource type="Script" uid="uid://b1i0l5o6eebw1" path="res://DirectionalLight3D.gd" id="1_o41ps"]
[ext_resource type="Script" uid="uid://dy1dwmbxx76ap" path="res://scripts/spin.gd" id="2_7luwn"]
[ext_resource type="Material" uid="uid://bb43ngplsfis2" path="res://addons/flexible_toon_shader/FlexibleToonMaterial.tres" id="3_272bh"]
[ext_resource type="Shader" uid="uid://b4gs1llabra6d" path="res://outline.gdshader" id="3_gtvun"]
[ext_resource type="Texture2D" uid="uid://chi17fb3dyt6b" path="res://icon.svg" id="4_iowfd"]
[ext_resource type="PackedScene" uid="uid://vyw8hcr66eit" path="res://models/lpgirl.glb" id="6_5vw27"]
[ext_resource type="PackedScene" uid="uid://dgvubh3u0t1rx" path="res://cars_1.tscn" id="7_5vw27"]

[sub_resource type="ProceduralSkyMaterial" id="ProceduralSkyMaterial_andoa"]
sky_horizon_color = Color(0.64625, 0.65575, 0.67075, 1)
ground_horizon_color = Color(0.64625, 0.65575, 0.67075, 1)

[sub_resource type="Sky" id="Sky_c02bc"]
sky_material = SubResource("ProceduralSkyMaterial_andoa")

[sub_resource type="Environment" id="Environment_j45us"]
background_mode = 1
sky = SubResource("Sky_c02bc")
ambient_light_source = 2
ambient_light_color = Color(0.713726, 0.713726, 0.713726, 1)
tonemap_mode = 2
glow_enabled = true

[sub_resource type="StandardMaterial3D" id="StandardMaterial3D_xqpyn"]
albedo_color = Color(0.117647, 0.737255, 0.45098, 1)

[sub_resource type="PlaneMesh" id="PlaneMesh_1s8w4"]
material = SubResource("StandardMaterial3D_xqpyn")
size = Vector2(10, 10)

[sub_resource type="StandardMaterial3D" id="StandardMaterial3D_qp00u"]
albedo_color = Color(0.588235, 0.423529, 0.423529, 1)

[sub_resource type="BoxMesh" id="BoxMesh_8smba"]
material = SubResource("StandardMaterial3D_qp00u")

[sub_resource type="StandardMaterial3D" id="StandardMaterial3D_c3sws"]
diffuse_mode = 3
albedo_color = Color(0.658824, 0.517647, 0.952941, 1)

[sub_resource type="CylinderMesh" id="CylinderMesh_x030n"]
material = SubResource("StandardMaterial3D_c3sws")
top_radius = 0.75
bottom_radius = 0.75

[sub_resource type="StandardMaterial3D" id="StandardMaterial3D_3v0k5"]
albedo_color = Color(0.941176, 0.309804, 0.470588, 1)

[sub_resource type="StandardMaterial3D" id="StandardMaterial3D_4irvy"]
albedo_color = Color(0.301961, 0.607843, 0.901961, 1)

[sub_resource type="PrismMesh" id="PrismMesh_ebc50"]
material = SubResource("StandardMaterial3D_4irvy")

[sub_resource type="GDScript" id="GDScript_kek77"]
script/source = "extends Node3D
func _ready():
	var anim_player = $AnimationPlayer
	anim_player.play(\"run\")  
	anim_player.playback_speed = 2.0      
	anim_player.get_animation(\"run\")
"

[sub_resource type="ShaderMaterial" id="ShaderMaterial_i6itp"]
render_priority = 0
shader = ExtResource("3_gtvun")
shader_parameter/depth_threshold = 0.05
shader_parameter/reverse_depth_threshold = 0.25
shader_parameter/normal_threshold = 0.6
shader_parameter/darken_amount = 0.2
shader_parameter/lighten_amount = 1.5
shader_parameter/normal_edge_bias = Vector3(-1, -1, -1)
shader_parameter/light_direction = Vector3(-0.425645, -0.440907, 0.790207)

[sub_resource type="QuadMesh" id="QuadMesh_egxnj"]
material = SubResource("ShaderMaterial_i6itp")
flip_faces = true
size = Vector2(2, 2)

[sub_resource type="Shader" id="Shader_lquwl"]
code = "shader_type spatial;

//render_mode ambient_light_disabled;

const float PI = 3.1415926536f;

uniform vec4 albedo : hint_color = vec4(1.0f);
uniform sampler2D albedo_texture : hint_albedo;
uniform bool clamp_diffuse_to_max = false;

uniform int cuts : hint_range(1, 8) = 3;
uniform float wrap : hint_range(-2.0f, 2.0f) = 0.0f;
uniform float steepness : hint_range(1.0f, 8.0f) = 1.0f;

uniform bool use_attenuation = true;

uniform bool use_specular = true;
uniform float specular_strength : hint_range(0.0f, 1.0f) = 1.0f;
uniform float specular_shininess : hint_range(0.0f, 32.0f) = 16.0f;
uniform sampler2D specular_map : hint_albedo;

uniform bool use_rim = true;
uniform float rim_width : hint_range(0.0f, 16.0f) = 8.0f;
uniform vec4 rim_color : hint_color = vec4(1.0f);

uniform bool use_ramp = false;
uniform sampler2D ramp : hint_albedo;

uniform bool use_borders = false;
uniform float border_width = 0.01f;

varying vec3 vertex_pos;
varying vec3 normal;

float split_specular(float specular) {
	return step(0.5f, specular);
}

void vertex() {
	vertex_pos = VERTEX;
	normal = NORMAL;
}

void fragment() {
	ALBEDO = albedo.rgb * texture(albedo_texture, UV).rgb;
}

void light() {
	// Attenuation.
	float attenuation = 1.0f;
	if (use_attenuation) {
		attenuation = ATTENUATION.x;
	}
	
	// Diffuse lighting.
	float NdotL = dot(NORMAL, LIGHT);
	float diffuse_amount = NdotL + (attenuation - 1.0) + wrap;
	//float diffuse_amount = NdotL * attenuation + wrap;
	diffuse_amount *= steepness;
	float cuts_inv = 1.0f / float(cuts);
	float diffuse_stepped = clamp(diffuse_amount + mod(1.0f - diffuse_amount, cuts_inv), 0.0f, 1.0f);

	// Calculate borders.
	float border = 0.0f;
	if (use_borders) {
		float corr_border_width = length(cross(NORMAL, LIGHT)) * border_width * steepness;
		border = step(diffuse_stepped - corr_border_width, diffuse_amount)
				 - step(1.0 - corr_border_width, diffuse_amount);
	}
	
	// Apply diffuse result to different styles.
	vec3 diffuse = ALBEDO.rgb * LIGHT_COLOR / PI;
	if (use_ramp) {
		diffuse *= texture(ramp, vec2(diffuse_stepped * (1.0f - border), 0.0f)).rgb;
	} else {
		diffuse *= diffuse_stepped * (1.0f - border);
	}
	
	if (clamp_diffuse_to_max) {
		// Clamp diffuse to max for multiple light sources.
		DIFFUSE_LIGHT = max(DIFFUSE_LIGHT, diffuse);
	} else {
		DIFFUSE_LIGHT += diffuse;
	}
	
	// Specular lighting.
	if (use_specular) {
		vec3 H = normalize(LIGHT + VIEW);
		float NdotH = dot(NORMAL, H);
		float specular_amount = max(pow(NdotH, specular_shininess*specular_shininess), 0.0f)
							    * texture(specular_map, UV).r
								* attenuation;
		specular_amount = split_specular(specular_amount);
		SPECULAR_LIGHT += specular_strength * specular_amount * LIGHT_COLOR;
	}
	
	// Simple rim lighting.
	if (use_rim) {
		float NdotV = dot(NORMAL, VIEW);
		float rim_light = pow(1.0 - NdotV, rim_width);
		DIFFUSE_LIGHT += rim_light * rim_color.rgb * rim_color.a * LIGHT_COLOR / PI;
	}
}"

[sub_resource type="ShaderMaterial" id="ShaderMaterial_272bh"]
render_priority = 0
shader = SubResource("Shader_lquwl")

[sub_resource type="QuadMesh" id="QuadMesh_5vw27"]
material = SubResource("ShaderMaterial_272bh")
flip_faces = true
size = Vector2(2, 2)

[node name="Main" type="Node3D"]

[node name="SubViewportContainer" type="SubViewportContainer" parent="."]
texture_filter = 1
anchors_preset = 15
anchor_right = 1.0
anchor_bottom = 1.0
grow_horizontal = 2
grow_vertical = 2
stretch = true
stretch_shrink = 5

[node name="SubViewport" type="SubViewport" parent="SubViewportContainer"]
handle_input_locally = false
size = Vector2i(384, 216)
render_target_update_mode = 4

[node name="Level" type="Node3D" parent="SubViewportContainer/SubViewport"]

[node name="WorldEnvironment" type="WorldEnvironment" parent="SubViewportContainer/SubViewport/Level"]
environment = SubResource("Environment_j45us")

[node name="Floor" type="MeshInstance3D" parent="SubViewportContainer/SubViewport/Level"]
mesh = SubResource("PlaneMesh_1s8w4")

[node name="Box" type="MeshInstance3D" parent="SubViewportContainer/SubViewport/Level"]
transform = Transform3D(0.968583, 0, 0.24869, 0, 1, 0, -0.24869, 0, 0.968583, -0.163607, 0.460576, 2.60698)
mesh = SubResource("BoxMesh_8smba")
skeleton = NodePath("../../../..")

[node name="Box2" type="MeshInstance3D" parent="SubViewportContainer/SubViewport/Level"]
transform = Transform3D(0.998284, 0, 0.0585571, 0, 1, 0, -0.0585571, 0, 0.998284, 1.43992, 0.460577, -2.23042)
mesh = SubResource("BoxMesh_8smba")
skeleton = NodePath("../../../..")

[node name="Box3" type="MeshInstance3D" parent="SubViewportContainer/SubViewport/Level"]
transform = Transform3D(0.823047, 0, 0.567973, 0, 1, 0, -0.567973, 0, 0.823047, -0.042053, 0.307314, -2.44946)
mesh = SubResource("BoxMesh_8smba")
skeleton = NodePath("../../../..")

[node name="Box4" type="MeshInstance3D" parent="SubViewportContainer/SubViewport/Level"]
transform = Transform3D(0.819142, 0, 0.573591, 0, 1, 0, -0.573591, 0, 0.819142, 2.69142, 0.374973, -2.81077)
mesh = SubResource("BoxMesh_8smba")
skeleton = NodePath("../../../..")

[node name="Node3D" type="Node3D" parent="SubViewportContainer/SubViewport/Level"]
transform = Transform3D(-0.868167, -0.208508, 0.419133, 0, 0.895055, 0.443336, -0.467638, 0.387096, -0.778161, 0, 10, 0)
script = ExtResource("2_7luwn")

[node name="DirectionalLight3D" type="DirectionalLight3D" parent="SubViewportContainer/SubViewport/Level/Node3D"]
transform = Transform3D(1, -1.49012e-08, 2.98023e-08, 1.49012e-08, 1, 0, 0, 0, 1, 0, 0, 0)
shadow_enabled = true
script = ExtResource("1_o41ps")

[node name="Cylinder" type="MeshInstance3D" parent="SubViewportContainer/SubViewport/Level"]
transform = Transform3D(1, 0, 0, 0, 1, 0, 0, 0, 1, 0, 0.936269, 0)
mesh = SubResource("CylinderMesh_x030n")
surface_material_override/0 = ExtResource("3_272bh")

[node name="icosphere" parent="SubViewportContainer/SubViewport/Level/Cylinder" instance=ExtResource("1_c7amy")]
transform = Transform3D(0.29916, 0, -0.387259, 0, 0.5, 0, 0.387259, 0, 0.29916, 0, 1.75302, 0)
script = ExtResource("2_7luwn")
speed = -0.5

[node name="Icosphere" parent="SubViewportContainer/SubViewport/Level/Cylinder/icosphere" index="0"]
surface_material_override/0 = SubResource("StandardMaterial3D_3v0k5")

[node name="MeshInstance3D" type="MeshInstance3D" parent="SubViewportContainer/SubViewport/Level"]
transform = Transform3D(0.931609, 0, 0.363463, 0, 1, 0, -0.363463, 0, 0.931609, -4.6288, 0.491872, 1.28538)
mesh = SubResource("PrismMesh_ebc50")

[node name="MeshInstance3D2" type="MeshInstance3D" parent="SubViewportContainer/SubViewport/Level"]
transform = Transform3D(0.464579, 0, -0.885532, 0, 1, 0, 0.885532, 0, 0.464579, -2.429, 0.492, 3.308)
mesh = SubResource("PrismMesh_ebc50")

[node name="MeshInstance3D3" type="MeshInstance3D" parent="SubViewportContainer/SubViewport/Level"]
transform = Transform3D(0.143216, 0, -0.989691, 0, 1, 0, 0.989691, 0, 0.143216, -2.51175, 0.491872, 0.462864)
mesh = SubResource("PrismMesh_ebc50")

[node name="MeshInstance3D4" type="MeshInstance3D" parent="SubViewportContainer/SubViewport/Level"]
transform = Transform3D(-0.785911, 0, -0.61834, 0, 1, 0, 0.61834, 0, -0.785911, -2.388, 0.492, -3.089)
mesh = SubResource("PrismMesh_ebc50")

[node name="Sprite3D" type="Sprite3D" parent="SubViewportContainer/SubViewport/Level"]
transform = Transform3D(0.580703, -0.0355112, 0.813341, 0, 0.999048, 0.0436194, -0.814116, -0.0253299, 0.580151, 7.30796, 0.699, -7.47514)
texture_filter = 0
render_priority = 1
texture = ExtResource("4_iowfd")

[node name="lpgirl" parent="SubViewportContainer/SubViewport/Level" instance=ExtResource("6_5vw27")]
transform = Transform3D(1, 0, 0, 0, 1, 0, 0, 0, 1, 3.02857, 0, 1.65241)
script = SubResource("GDScript_kek77")

[node name="Camera3D" type="Camera3D" parent="SubViewportContainer/SubViewport"]
transform = Transform3D(0.582154, -0.303241, 0.754415, 0, 0.92785, 0.372954, -0.813079, -0.217117, 0.540151, 7.40855, 3.6625, 5.30444)
projection = 1
current = true
size = 10.0
far = 97.06

[node name="PostProcessing" type="MeshInstance3D" parent="SubViewportContainer/SubViewport/Camera3D"]
unique_name_in_owner = true
transform = Transform3D(0.582154, 0, -0.813079, -0.303241, 0.92785, -0.217117, 0.754415, 0.372954, 0.540151, 1.43051e-06, 7.27177e-06, -11.3814)
extra_cull_margin = 16384.0
mesh = SubResource("QuadMesh_egxnj")
skeleton = NodePath("../..")

[node name="PostProcessing2" type="MeshInstance3D" parent="SubViewportContainer/SubViewport/Camera3D"]
unique_name_in_owner = true
transform = Transform3D(0.582154, 0, -0.813079, -0.303241, 0.92785, -0.217117, 0.754415, 0.372954, 0.540151, 1.43051e-06, 7.27177e-06, -11.3814)
visible = false
extra_cull_margin = 16384.0
mesh = SubResource("QuadMesh_5vw27")
skeleton = NodePath("../..")

[node name="Cars-1" parent="." instance=ExtResource("7_5vw27")]
transform = Transform3D(1, 0, 0, 0, 1, 0, 0, 0, 1, -1.10579, -0.275088, 9.24104)

[editable path="SubViewportContainer/SubViewport/Level/Cylinder/icosphere"]
